count-ll	count-ll-pred-err	p2p-ll	total-ll	link-lambda-avg	link-lambda-stddev	link-lambda-min	link-lambda-max	plan-lambda-avg	plan-lambda-stddev	plan-lambda-min	plan-lambda-max	replan-count
-408312.4654019553	801703.1470739768	--	-408312.4654019553	--	--	--	--	--	--	--	--	0
-449171.87934914563	225817.2001815943	--	-449171.87934914563	0.0	0.0	-0.0	0.0	0.0	0.0	0.0	0.0	65244
-478201.45740754704	3952362.096175271	--	-478201.45740754704	0.0	0.0	-0.0	0.0	0.0	0.0	0.0	0.0	67898
-519447.1071595545	466715.5952009828	--	-519447.1071595545	0.0	0.0	-0.0	0.0	0.0	0.0	0.0	0.0	68281
-553989.4102769763	339616.3269383222	--	-553989.4102769763	0.0	0.0	-0.0	0.0	0.0	0.0	0.0	0.0	68348
-545486.7406190613	270182.6858978737	--	-545486.7406190613	-8.530769824886452E-5	0.11476652956159183	-14.697520181394866	7.332302122013681	-0.03308186264121981	3.181657257181955	-15.0	15.0	68349
-510903.22477284225	275188.04694044514	--	-510903.22477284225	-0.0013403588457523749	0.1162499155224509	-11.93416075559486	7.170117178772844	-0.501925075915766	3.4404370288535144	-15.0	15.0	68505
-583547.4556255143	244532.74415876606	--	-583547.4556255143	-0.0021521484240668246	0.11083366719697903	-8.900228232842913	4.923096852018925	-0.8088515262667434	3.255188980982582	-15.0	15.0	68226
-524818.3980112015	207373.17130784824	--	-524818.3980112015	-0.0035534632304632116	0.11907925373441908	-9.153813540437518	3.954007486770548	-1.383582940980286	3.6982752599954707	-15.0	15.0	68283
-486664.10695392435	243396.9414163409	--	-486664.10695392435	-0.0036891607977401837	0.11672551636737086	-9.56936023131887	3.603068421361322	-1.3794073053167626	3.6962225071938457	-15.0	15.0	68085
-530241.5964999798	230844.59073032264	--	-530241.5964999798	-0.004293479194494102	0.12175177020327523	-14.742515193076418	3.328675866766022	-1.6063098727227316	3.7739409520013543	-15.0	15.0	68189
-512092.1955261036	215022.87645031788	--	-512092.1955261036	-0.00489509334929859	0.12133334319372824	-9.3790068214081	3.620363819299459	-1.8220459957928115	3.856217934280544	-15.0	15.0	67953
-536621.1942214122	248935.09326908653	--	-536621.1942214122	-0.0052705719083758025	0.12155495397854066	-9.482755066554883	3.261215582911678	-1.9382806341668242	3.9033106139261715	-15.0	15.0	67884
-487539.82269599737	201301.39351068184	--	-487539.82269599737	-0.005895635642874269	0.12519362148366084	-9.274569272920752	3.2284438440000662	-2.182134416413261	3.9869475046857414	-15.0	13.510401723093574	68128
-559631.2738390764	244403.09431650297	--	-559631.2738390764	-0.005679311683325388	0.12030833600362588	-9.477125652162327	3.470725116301848	-2.116815063722059	3.900574846494323	-15.0	12.083238584968429	67743
-529690.3747047212	235917.4044486729	--	-529690.3747047212	-0.0064578553221858745	0.1263451946110222	-8.611263587231905	2.9579367543019073	-2.406282202157988	4.070357633076459	-15.0	11.3119290699797	68296
-523192.17540359095	220678.37330055083	--	-523192.17540359095	-0.006861327722104187	0.13261739590056898	-7.789840532716083	2.989327527775643	-2.5554084401105084	4.2515130616018615	-15.0	12.336597376365871	67738
-463636.63702525065	190043.860809046	--	-463636.63702525065	-0.006995039448049405	0.1290524322559506	-7.255090813232265	4.003377651426337	-2.570271595314576	4.199085696196861	-15.0	14.489590863460268	68184
-469409.22260156035	196359.75046305818	--	-469409.22260156035	-0.006746369380498699	0.13225686092687858	-7.4523158694920255	6.734281283434136	-2.4318053085366063	4.160839972570212	-15.0	12.601050320339297	67755
-484937.9414098686	189734.94852460205	--	-484937.9414098686	-0.007039020286815348	0.13014341517628172	-7.8137488091659755	5.335390160903246	-2.597527920252444	4.23009291894441	-15.0	12.39034232894844	68030
-513722.1735760197	221298.61553148448	--	-513722.1735760197	-0.0073688162811039425	0.13068686304489094	-7.686515353502156	4.318487755773986	-2.7158204744136873	4.273230505848585	-15.0	15.0	67792
-547667.9075330758	242778.5747958278	--	-547667.9075330758	-0.007375002158660436	0.13440248682343783	-8.024160740227474	4.634862839526935	-2.6957990348222243	4.269254022606484	-15.0	13.76294126417436	67837
-492157.10872106854	200695.5720904809	--	-492157.10872106854	-0.008131377725778745	0.1333818622663268	-8.028636325901838	3.145149823931881	-3.082933916959721	4.419794639848816	-15.0	15.0	67908
-518018.7649901871	211619.4214658272	--	-518018.7649901871	-0.007931951958239548	0.13341321193639524	-8.036738171675905	5.051280729299493	-2.9193188978702707	4.354532248180776	-15.0	14.448285990150879	67700
-542625.2376953834	242697.89301185167	--	-542625.2376953834	-0.007900105186886715	0.1335467523944699	-8.01154460254372	4.448355511485692	-2.8617410502811262	4.3190030157062145	-15.0	11.987298858310384	67537
-509330.40167797566	203759.98496547987	--	-509330.40167797566	-0.008503686131072032	0.13629803680869182	-8.059197770132759	4.732299651407272	-3.1376102109282784	4.496320818345024	-15.0	14.559350487516678	67861
-488597.72511969984	196707.18905907546	--	-488597.72511969984	-0.008173274969614022	0.13415653197941274	-8.149070609605285	5.781052646704006	-3.0600718381065417	4.439970507631889	-15.0	14.319865121729629	67623
-528507.23696526	202380.69155237413	--	-528507.23696526	-0.00825471688267196	0.13612906002811304	-8.336093816394106	5.463656692369021	-3.039568068874975	4.450100808473334	-15.0	15.0	67613
-562118.7690765171	250795.19966519816	--	-562118.7690765171	-0.008491126203219759	0.13635309805200027	-7.986661894804274	5.437966958667202	-3.1646437942770484	4.453243056428016	-15.0	14.622836011449774	67909
-551016.2916004792	228260.90831540502	--	-551016.2916004792	-0.00875003897943064	0.13993746019037553	-8.08179425299496	5.461368936250887	-3.18534627357606	4.571716297932632	-15.0	14.434351282016157	67912
-505079.5403774082	191207.9767131529	--	-505079.5403774082	-0.00857981906028653	0.13447547324673478	-7.977391782620401	5.710931807221879	-3.1827241890451123	4.432016111546388	-15.0	10.518931074633237	67802
-511403.9502515718	212435.30456275507	--	-511403.9502515718	-0.008917674979772097	0.13938589714276206	-7.973111882583788	6.709241235630847	-3.260918465030537	4.516175319267576	-15.0	13.073906968785133	67625
-519274.6980281905	214463.6450418312	--	-519274.6980281905	-0.0084137776775481	0.13691868138863975	-7.957013800560853	7.247943344461522	-3.108703606148182	4.370322459186046	-15.0	15.0	67515
-495314.3241183509	193372.59694981363	--	-495314.3241183509	-0.008814406656371293	0.1390906224284333	-7.991109079653232	7.35463095516385	-3.230409699393437	4.499594134942764	-15.0	15.0	67576
-531773.5844605662	211435.50798885102	--	-531773.5844605662	-0.008812490754910132	0.14065648129055305	-8.189218849477674	7.300849332438427	-3.2820008658678015	4.5219414303534515	-15.0	12.577435928097305	67266
-499528.66191024997	209599.85922915727	--	-499528.66191024997	-0.008929033073628325	0.14296336595611553	-8.280536305967564	7.3140100730495865	-3.2686392239032864	4.625017480415927	-15.0	12.66301103741196	67250
-514387.7223096285	195900.9635112089	--	-514387.7223096285	-0.008914973162073275	0.1361815298275989	-8.253823651462952	6.826372700487886	-3.2600940280206014	4.468905754333749	-15.0	12.841879020417485	67449
-521685.9716152933	235436.2075707857	--	-521685.9716152933	-0.00889892559410156	0.1408848738807381	-8.233007981687031	8.151664550498825	-3.3260984718187125	4.601927687042651	-15.0	13.04471839116941	67212
-502693.55623229226	205187.65891044374	--	-502693.55623229226	-0.00885469975462354	0.1426214800013406	-9.134115818174998	9.371670421411894	-3.26659902371521	4.590917854938365	-15.0	12.183825798774059	67355
-519627.98336268816	230118.48155933732	--	-519627.98336268816	-0.009058622521032024	0.14099375706232062	-8.701273615196815	9.831226440485365	-3.323677938290052	4.546973929822307	-15.0	15.0	67307
-506312.69153426774	186725.49945104332	--	-506312.69153426774	-0.008781594491837493	0.1375241814118629	-8.301906666477535	9.488723674272114	-3.26885914165642	4.455353598194121	-15.0	15.0	67215
-520124.1266471164	206635.79986575688	--	-520124.1266471164	-0.009449199254850086	0.14297339468032555	-8.282738054293727	9.50226557548728	-3.41401802695336	4.619349584699016	-15.0	14.042278848418487	67280
-480819.25029308227	219111.08686336133	--	-480819.25029308227	-0.008976036903447766	0.14480829579218732	-8.856580578065278	9.639260177063221	-3.261918823029539	4.600316135350721	-15.0	14.86629005399724	66927
-480193.76025175565	199914.94457671707	--	-480193.76025175565	-0.008602919192015515	0.14088654687210955	-8.830465677083737	10.619719452241231	-3.0914240406824622	4.435113560836212	-15.0	14.380819376233879	67219
-511830.39521342993	228538.8861055423	--	-511830.39521342993	-0.00868276553516771	0.14304552185135816	-8.805494323815951	11.204518750608926	-3.205636221895307	4.566313684089969	-15.0	15.0	66962
-517225.8159444272	213166.78964071788	--	-517225.8159444272	-0.008783302292155506	0.1470493386696736	-8.70906938319975	12.450886553433252	-3.219098090259373	4.600472725787425	-15.0	15.0	67375
-485394.8144273074	204754.20867367755	--	-485394.8144273074	-0.00871050253136315	0.14553855218302006	-8.53391111892899	12.780525653592656	-3.2220490028337614	4.620283702448213	-15.0	15.0	67143
-552069.0782488983	228880.41630218655	--	-552069.0782488983	-0.008537106153277322	0.15757588964819633	-8.51342753827195	13.725544488379962	-3.1091973272314832	4.710717142522269	-15.0	15.0	66969
-505434.51012916915	207440.0281041483	--	-505434.51012916915	-0.008867559162621313	0.14182410901735196	-8.431191855826686	10.833486951465671	-3.31361614807224	4.537018819039242	-15.0	14.147288875514128	67332
-475580.6947332099	204817.22112702942	--	-475580.6947332099	-0.008993352870455494	0.14172695628868462	-8.275269297551706	11.209678675329723	-3.2638994944826574	4.512366181290702	-15.0	14.096012546928694	67085
-473216.424399254	189505.18534747837	--	-473216.424399254	-0.008789023178960891	0.1395091055871698	-8.27513577577215	11.558182778188147	-3.25353392159639	4.5203646615069975	-15.0	15.0	67339
-519525.7820489532	221155.35904848579	--	-519525.7820489532	-0.008597947137665547	0.14356672061625902	-8.279085555682428	12.087157278246606	-3.1478219004504115	4.50350382436886	-15.0	15.0	66774
-483454.69677553367	204403.6865919374	--	-483454.69677553367	-0.008907386177030257	0.14695692488424725	-8.31331391638329	13.074476962942578	-3.2933496855106297	4.626706508870175	-15.0	15.0	67115
-493980.3610167931	197668.44488030032	--	-493980.3610167931	-0.008564029797036889	0.13769150078713305	-8.243931276586189	13.64646266618215	-3.1880166823336205	4.425870842613323	-15.0	15.0	67135
-471903.17999579664	210175.99146521694	--	-471903.17999579664	-0.00856736404752748	0.14164013202755255	-8.163886847673323	13.112907331325658	-3.1700323331211115	4.476754530860247	-15.0	15.0	67031
-467997.240912762	197354.72940407242	--	-467997.240912762	-0.008873299742895585	0.13946540062161888	-9.06383901896957	12.938059201878094	-3.285828786023356	4.533235671244577	-15.0	15.0	67085
-450253.13411137427	190367.74622571256	--	-450253.13411137427	-0.008558169723091888	0.1352613963244282	-9.421968346925334	12.50036438170841	-3.158207792297238	4.397389638238775	-15.0	14.6906780199111	66996
-505355.1772696395	215288.96357131796	--	-505355.1772696395	-0.008589734241223414	0.13684775403483154	-9.933864898893868	11.66909984953669	-3.12452329214754	4.357712668268998	-15.0	13.954863566132092	66983
-447550.1521785482	178450.97000907187	--	-447550.1521785482	-0.008874509895243845	0.13701627118657106	-9.71117527508021	11.065142420650073	-3.321684449160527	4.459976027792408	-15.0	14.902446567002862	67031
-456360.54856931855	199076.3977053525	--	-456360.54856931855	-0.008765294235087026	0.13458715920709324	-9.369529907016858	10.52857592579835	-3.1360945755731127	4.357877028449565	-15.0	14.61000346689918	66988
-490175.9967696478	222730.56679403712	--	-490175.9967696478	-0.008625249881075537	0.13540761878783747	-9.53760365458934	9.855028421350237	-3.1462564003179696	4.349547114180549	-15.0	13.94608592012274	67193
-495698.92514711776	186487.3526487269	--	-495698.92514711776	-0.009111170865139866	0.13514300913624863	-9.63949953709409	9.088742908842978	-3.32641370545807	4.480503733188113	-15.0	14.171889323516217	66778
-513492.8271881571	214145.23971163385	--	-513492.8271881571	-0.008932688722094444	0.13871518726369633	-9.251236482216076	8.682457276907597	-3.2496269209773723	4.481966438094897	-15.0	14.346585661823973	66926
-553044.3550493884	234900.4689197754	--	-553044.3550493884	-0.008479197454923974	0.1376962632625415	-9.261728075138212	9.102489921283262	-3.171253143903247	4.427081831732536	-15.0	15.0	67066
-476943.94152123446	188764.33966490155	--	-476943.94152123446	-0.008900003868483884	0.13486321371586132	-9.21475599439122	8.428323995259653	-3.4095620049605304	4.502737428604628	-15.0	15.0	66808
-432129.4692178486	194474.9861062266	--	-432129.4692178486	-0.008995193224159747	0.13283501934914818	-9.033118153942974	8.729205649183498	-3.284372271752741	4.429323066711305	-15.0	14.390003542378766	66906
-466898.71232582215	193819.7034547554	--	-466898.71232582215	-0.009007316121159459	0.1327418823699588	-8.550656739495421	8.264897756289136	-3.2254706667808897	4.376278539274814	-15.0	14.34292856772132	66901
-481089.84006768063	197122.16156304357	--	-481089.84006768063	-0.008982318412300145	0.1322642562394692	-8.483904834124127	7.629604710868111	-3.293432601114681	4.394002669039381	-15.0	14.322575120700167	66795
-569972.0472714144	256416.88775520903	--	-569972.0472714144	-0.009065295683919618	0.13350866276051782	-8.438589000863335	7.116324974217878	-3.321226021199393	4.375505559800733	-15.0	14.319727753866378	66823
-459295.7017463606	170596.04930278863	--	-459295.7017463606	-0.009112930523647004	0.13444307982799192	-8.492510838795882	6.4840662116789	-3.496184477202936	4.52484498557673	-15.0	14.378557708003976	67070
-481688.3256291381	196336.97903385965	--	-481688.3256291381	-0.008567021089550363	0.13050457483555492	-8.602633116737293	6.0068297313247	-3.1290875235304565	4.351373186766655	-15.0	14.323017366554385	66532
-506677.8841168423	212295.84190227845	--	-506677.8841168423	-0.008729529211089116	0.1312154807542104	-8.605294940051635	6.08560265391672	-3.2353309518683906	4.362747240266717	-15.0	14.327098028795863	66740
-528152.2127777099	220507.40973016428	--	-528152.2127777099	-0.008746527972114249	0.1299890195180217	-8.649535820824276	6.141266071648752	-3.2908700043599266	4.378720949724068	-15.0	14.314534587092036	66862
-501934.20142246806	200570.5336386043	--	-501934.20142246806	-0.00898255949755877	0.1328217326861848	-9.391269084096677	5.802867602727962	-3.384740810940078	4.44604559244867	-15.0	14.303378593381016	66801
-478677.49436226836	178112.69324571302	--	-478677.49436226836	-0.008696183326232712	0.1338872067000688	-10.371673864536936	6.181778345489806	-3.193381857319681	4.345909598583038	-15.0	14.284419815120925	66802
-490480.8001685662	197874.40699136586	--	-490480.8001685662	-0.008811589692777136	0.13400796463957212	-10.17799780981604	6.254088960012364	-3.231442989708597	4.399336816583835	-15.0	14.240296742470253	66903
-465641.657394006	196211.10860828386	--	-465641.657394006	-0.008712173971575836	0.13121366534441276	-10.246504204010304	6.409840209964255	-3.1782453365980765	4.325387236725264	-15.0	14.275582101746986	66852
-502585.0594297166	195339.87176804792	--	-502585.0594297166	-0.008445191582583457	0.130946635552963	-10.253808968299104	6.801086545570038	-3.1840327150987693	4.332531313542789	-15.0	14.294676659052046	66527
-562909.0268017834	228078.1459965933	--	-562909.0268017834	-0.008610436531294176	0.13625730590013616	-10.223333954745243	7.242923077496326	-3.2213063609302792	4.403582770653915	-15.0	14.263884522382618	66822
-470462.6151378181	193502.30709021437	--	-470462.6151378181	-0.008626861862560104	0.13204796168408606	-10.148614488221943	7.266327070607302	-3.341725169536851	4.403410136092872	-15.0	11.825353624319066	66815
-530870.7700331932	206583.3688778067	--	-530870.7700331932	-0.0086101257978871	0.13128221648585606	-10.10118715146159	7.074906631276857	-3.212996871977491	4.346545677045205	-15.0	11.306961554342092	66782
-526289.0760934313	202107.12373999183	--	-526289.0760934313	-0.008539042265837026	0.13217880044566147	-9.943170602955195	6.818896303990323	-3.2473404604392804	4.372090235800909	-15.0	13.594766838796842	66670
-524750.6483195387	238602.64811797242	--	-524750.6483195387	-0.008490178201866122	0.13386664497317532	-9.993749412146615	6.863075809645728	-3.2302008304504244	4.384441973489415	-15.0	14.356159679822186	66872
-466368.04212672764	188716.86750827686	--	-466368.04212672764	-0.008800258389677027	0.13199666135922464	-9.970484525980076	6.805679278889589	-3.29355565057644	4.4457095260441655	-15.0	10.411273982754503	66781
-495094.5599745095	192143.43474345858	--	-495094.5599745095	-0.008623034902141648	0.13089724329441588	-9.945203756136205	7.428052917346527	-3.21376193818787	4.295591225607816	-15.0	11.80462004930875	66739
-485909.240507597	205604.2034295871	--	-485909.240507597	-0.00909754032760772	0.1348520794352032	-9.944240534794538	7.06385181674225	-3.333380705329882	4.389713582727369	-15.0	11.08507666579259	66833
-525959.9311140202	211850.4793351964	--	-525959.9311140202	-0.008511618939688688	0.13047897377608522	-9.930137958573264	6.85783989463269	-3.1530296651447887	4.289565389604591	-15.0	14.943836708948389	66670
-479468.60127022845	198933.60098987113	--	-479468.60127022845	-0.008565720725632574	0.13053567470276725	-9.927842761972089	6.742999170879595	-3.2518023968864975	4.3803046480069545	-15.0	14.83274075466331	66743
-473035.4801995817	183241.24670135297	--	-473035.4801995817	-0.008704010706780322	0.13054668574892428	-9.788722743023321	6.614913959300256	-3.206215509190655	4.335724269992801	-15.0	11.072467975858938	66947
-486914.80639274843	201486.79557938201	--	-486914.80639274843	-0.008490998556960326	0.12899732385973067	-9.779302439527372	6.3783449935693985	-3.1512024885405863	4.251176179757561	-15.0	13.534938865984094	66997
-478264.81919378607	181167.7073517959	--	-478264.81919378607	-0.008337604031823848	0.1274591683702777	-9.741598625414191	6.155172588889446	-3.191748370492572	4.266398799985059	-15.0	10.273185628772154	66819
-500042.8690666999	192925.05236725762	--	-500042.8690666999	-0.008504137745878418	0.12892489341575053	-9.751694057549061	5.910505130232579	-3.172698750019379	4.262862849928432	-15.0	14.898502246599103	66791
-571748.0738085125	241848.06909102967	--	-571748.0738085125	-0.008588314608096793	0.13118989228017872	-9.458615623256405	5.73147212630478	-3.2419149951439836	4.298745631359545	-15.0	14.547219863028882	66656
-488606.11548869935	210931.24723680547	--	-488606.11548869935	-0.008706471188382137	0.1347714918548841	-9.498576549175855	5.950871982148109	-3.2915995281372683	4.4330954375246785	-15.0	13.695591354680554	66930
-482949.71721630276	215401.59262995358	--	-482949.71721630276	-0.00828661654046485	0.12610408104466367	-9.519586844076684	5.666328143137093	-3.105723421957636	4.258584516883529	-15.0	13.254448859997648	66527
-492192.0850339383	207010.45630097034	--	-492192.0850339383	-0.008467220121997675	0.12564428654306645	-9.597961150108066	6.128911216376491	-3.236376079680319	4.26545249133674	-15.0	13.912862400169226	66945
-514527.5256886342	185691.3045710578	--	-514527.5256886342	-0.008777697421932015	0.12940882078809474	-9.080632738655169	5.846753733034655	-3.3420420340053565	4.388439198674484	-15.0	13.879054848753047	67099
-491438.86125780357	197979.33159711378	--	-491438.86125780357	-0.008556949960928985	0.13075606631859862	-8.748495573476013	5.849039180320835	-3.1468029101370663	4.346959448591735	-15.0	8.746552770235962	66742
-536915.8670901611	246494.24745233305	--	-536915.8670901611	-0.008214165778159224	0.1314368928508128	-8.77700059889754	5.956782966793503	-2.9879816062319375	4.28312526398467	-15.0	13.057660185938847	66820
-511002.43630763807	207400.99689916687	--	-511002.43630763807	-0.008539252301206324	0.12766776863817894	-8.813329807010971	5.438225879978277	-3.2586251246075886	4.301426267709707	-15.0	13.08014837724775	66829
-500640.2719671191	199390.78966206862	--	-500640.2719671191	-0.008602030641803577	0.1288493666502382	-8.69022042273662	5.857541465323119	-3.2647926280183284	4.33207447976256	-15.0	13.408995776137884	66713
-485857.5867793771	193252.37995188977	--	-485857.5867793771	-0.008628733867672133	0.13039411994796288	-8.37173710703505	5.829205376634839	-3.1682520568796217	4.349141942780501	-15.0	13.412981557720713	66789
-489010.1717106788	191841.97524659778	--	-489010.1717106788	-0.00856570924891586	0.129046299886037	-8.353684555548458	5.795302730660523	-3.1521566151824483	4.28940714566648	-15.0	14.523245715302656	66743
-490164.9251436771	183096.01867940882	--	-490164.9251436771	-0.008308776066070582	0.12529775752825414	-8.36060947555264	6.078805296886058	-3.1320438026620234	4.2017052697114545	-15.0	14.50914583686188	66919
-504997.63505787146	207567.05392546178	--	-504997.63505787146	-0.008672792108559238	0.13049096642457286	-8.186471146565598	5.893598391018461	-3.1865945394151436	4.295178108301633	-15.0	14.54072851719441	66613
-487290.28803261806	206771.98991480318	--	-487290.28803261806	-0.008291455503738856	0.1255005785198347	-8.652968082623678	6.006668014107528	-3.0970233068759465	4.1769997124469045	-15.0	14.700106788325627	67014
-468063.53900965257	185093.6701413412	--	-468063.53900965257	-0.00851976662861543	0.12722503503438085	-8.511979826762795	6.230081509438706	-3.1921952273216947	4.238844583532671	-15.0	14.54181890218476	66971
-511766.2141578774	211287.85465521706	--	-511766.2141578774	-0.008482941203246544	0.12803280475832837	-8.522437047259737	6.190207394059035	-3.103512890624539	4.238159505858529	-15.0	14.537799204247863	66887
-499790.8374668943	197945.42386623617	--	-499790.8374668943	-0.008231685544448862	0.12401436843256414	-8.57166617202703	6.164360172042202	-3.202186507223121	4.229152401588028	-15.0	14.657211523173181	66737
-552683.3581478541	232946.7458340584	--	-552683.3581478541	-0.008322268433764145	0.12725302354220863	-8.569050634525244	5.97589966661833	-3.1554886418745816	4.276508569936555	-15.0	14.476277657588312	66695
-539221.261650641	236830.57787383077	--	-539221.261650641	-0.008513113435046904	0.1321900488577712	-8.614495573873487	6.389582470709745	-3.1305234560352253	4.367140723936566	-15.0	14.446439235167283	67007
-477707.71231498884	197843.43523661623	--	-477707.71231498884	-0.008547206934889213	0.12743110547154443	-8.370823520934042	5.109763984860024	-3.2255023430845253	4.297574968562977	-15.0	9.525566613299725	67041
-446135.45884216	180854.6965878991	--	-446135.45884216	-0.00840766194546067	0.12604702961516331	-8.297990842106387	5.59216563445089	-3.177009294247451	4.267567311906809	-15.0	13.609803866788248	66704
-491686.6273454681	210949.4814843234	--	-491686.6273454681	-0.008505331862246793	0.1259780621997634	-8.262107756724832	5.2768992369443035	-3.1134782926518514	4.218609628256693	-15.0	8.878352139243733	66917
-498031.91381464596	215830.7154025539	--	-498031.91381464596	-0.008418596265392153	0.12724871383991732	-8.136990129380699	4.965095468921881	-3.1703819985014183	4.247864098086637	-15.0	14.301510802093432	66811
-456791.25992589316	190796.89754354354	--	-456791.25992589316	-0.00841886219908813	0.12627409226951206	-7.947142487053812	5.2823127797993115	-3.0814115403513043	4.209809422828462	-15.0	14.210072804792633	66777
-562997.1072751823	247003.52385319967	--	-562997.1072751823	-0.008130495537389315	0.1237988655891575	-7.741161041606889	5.6164458166042674	-3.059401706898934	4.159765102993991	-15.0	14.436799168577988	66908
-496079.14144906047	198467.73455364487	--	-496079.14144906047	-0.008580612325032403	0.12653923371231315	-7.696368395072969	5.469088355235599	-3.236889866066846	4.279070532553211	-15.0	14.41884848682464	66908
-484097.9561715908	187874.74024129112	--	-484097.9561715908	-0.008510075915043278	0.12602557212432547	-7.697814954567379	5.401941927906597	-3.159289403403991	4.238777710071577	-15.0	13.333046990276378	66682
-493038.73547127564	212433.4471836196	--	-493038.73547127564	-0.008369814300338979	0.1261201912564444	-7.729571760135289	5.394779359436324	-3.1008698632024054	4.178435243868264	-15.0	12.974535820162506	66497
-509302.88968352345	204327.41281356287	--	-509302.88968352345	-0.008031645251756508	0.1204868041543336	-7.673800453593392	5.3853475909833515	-3.1315479930345496	4.149183791790395	-15.0	12.953633419663078	66841
-446564.64006107766	189405.72135534426	--	-446564.64006107766	-0.008560590328007635	0.12418007841827654	-7.672421756508753	5.191682271756986	-3.2184915931747553	4.291483417041132	-15.0	14.452894894295149	66579
-473038.2895579243	188495.78206664033	--	-473038.2895579243	-0.008384384841221927	0.12472751336376803	-7.730747422941704	4.972942852685821	-3.1403773879980377	4.206947822152384	-15.0	9.544588553547278	66834
-499756.498555447	197313.0004806225	--	-499756.498555447	-0.008420340249193704	0.12492877423210678	-7.65321390543886	4.721905169311224	-3.1205474139290286	4.203121189235273	-15.0	9.638853085942984	66619
-538140.9871015105	250333.377514801	--	-538140.9871015105	-0.008479412283738073	0.12669412714730052	-7.581607210295681	4.66218793755873	-3.177580702948545	4.248275954974775	-15.0	14.47268046649144	66575
-489607.31584285543	193095.71956570214	--	-489607.31584285543	-0.007911719100531327	0.12150897370945532	-7.600125309268171	4.7142346302700755	-3.0300988227736116	4.102049553004902	-15.0	14.481809230264801	67124
-477192.5383359091	206915.65265220086	--	-477192.5383359091	-0.008274495284444088	0.12268301470297248	-7.63199427839692	4.754571786004692	-3.1519699542358826	4.200894124263795	-15.0	14.47935434862368	66603
-455717.25702172634	207195.08709001835	--	-455717.25702172634	-0.008513289867175576	0.12336466542000046	-7.430091216310911	4.577949326418947	-3.1323912514530488	4.18563130674379	-15.0	14.479236945308832	66655
-470875.85021686816	193229.06636874643	--	-470875.85021686816	-0.008496701773602622	0.12223349332434641	-7.3204579026618575	4.2806339758102325	-3.061902608772721	4.116359907714795	-15.0	14.461865237094615	66688
-525748.4297901386	219241.491840906	--	-525748.4297901386	-0.007789806923577319	0.12190837818476685	-7.309364376277734	4.252470777700964	-2.969352004380086	4.081983422357395	-15.0	14.691930155574534	66632
-567941.9525817628	241739.34459332048	--	-567941.9525817628	-0.008146193830502866	0.12348771161815421	-7.571557752097726	4.340278242217124	-3.1415575782547913	4.204219866453716	-15.0	14.930343287905213	66759
-537905.8539969773	211969.29155998156	--	-537905.8539969773	-0.008368093458991865	0.12432317269304369	-7.389529374265017	4.161071768852913	-3.2233177017245582	4.268416680398391	-15.0	9.538391853210795	67137
-527387.1646290405	230911.5594714912	--	-527387.1646290405	-0.008311837498880658	0.1232327969719644	-7.4474334963146855	4.146382974836129	-3.147613365994099	4.163287955326639	-15.0	12.085159546663087	66783
-506614.9189453256	221226.35530527178	--	-506614.9189453256	-0.008117245319398756	0.12035816089440776	-7.41239901742503	4.420811326535496	-3.111611728382995	4.092327666521443	-15.0	12.642455761046369	66677
-479903.79138987866	205962.1614068923	--	-479903.79138987866	-0.008482319186762559	0.12207019475952902	-7.415844189261112	4.194825012755725	-3.224667157865292	4.232867624434554	-15.0	14.308359850379663	66607
-523438.59759533586	204483.6170018337	--	-523438.59759533586	-0.008100446254779759	0.12251260451600819	-7.300397952349579	3.966338502446602	-3.0900010244655935	4.133152801061407	-15.0	14.29486649855657	66669
-513327.2052143985	206672.81279485353	--	-513327.2052143985	-0.00817243058405532	0.12224843532750054	-7.329636745675158	3.9039037446485834	-3.0847724764164512	4.0807506008401155	-15.0	14.296951882704395	66781
-474806.50468833937	184382.75598097368	--	-474806.50468833937	-0.008022437006580322	0.12108172869753538	-7.363330462567984	4.039378622830427	-3.0329201658683567	4.09196539093091	-15.0	14.283094197232705	66720
-510377.1137014412	217526.38579658797	--	-510377.1137014412	-0.008027109028270538	0.11937576079235292	-7.244752531532286	3.9215088841872388	-3.004646020659159	4.0484500218265485	-15.0	14.85088968289208	66539
-525153.2089742856	226182.05478594534	--	-525153.2089742856	-0.008121541947551263	0.11967831343815208	-7.247704759814337	3.955461324801468	-3.0999016637525574	4.136613322554089	-15.0	9.20799720399262	66505
-469832.1713087457	184200.580119698	--	-469832.1713087457	-0.008117953428999982	0.12161031499325325	-7.269378657266138	4.2406214381776515	-3.0817961371573066	4.121401353636393	-15.0	13.14352612861734	66811
-488492.8534420551	208539.1563730518	--	-488492.8534420551	-0.008261437670449269	0.12038402839439416	-7.265393171589913	4.358336344054211	-3.0773596272153663	4.106275637711393	-15.0	14.312933262040639	66777
-527301.3285813491	217957.4016100593	--	-527301.3285813491	-0.008086281781272724	0.11854262901994461	-7.22233447045343	4.237650987404548	-3.0851760839468603	4.067969932012737	-15.0	9.649737077261305	66793
-471173.0737108536	192101.301199686	--	-471173.0737108536	-0.008044482422782525	0.12073023581363139	-6.830142941314166	4.0647404583521025	-3.090108265910079	4.099533484944668	-15.0	9.153381030723061	67071
-465789.43841439876	181551.7866330668	--	-465789.43841439876	-0.007870805755613535	0.11888761835545736	-6.702955089724227	3.8903471968336247	-2.965720011281262	3.9983086315250227	-15.0	13.543092996316423	66733
-498115.0235205474	202116.72601193047	--	-498115.0235205474	-0.007846192839997788	0.11883132895610982	-6.654141775330985	3.812030639202784	-2.9310147685446575	3.9974577462020213	-15.0	14.32110821974725	66588
-414639.80514340516	192847.27677325645	--	-414639.80514340516	-0.007921309636557029	0.11698192312270088	-6.650036491619868	3.8829430927321087	-3.006023779916731	4.013885391682923	-15.0	14.31442819876806	66535
-473332.12927110435	209667.59674948748	--	-473332.12927110435	-0.0080889870460956	0.11959327195868144	-6.637836526243964	3.968735380276452	-2.965938583215684	4.010763813469686	-15.0	14.298391108581944	66845
-491304.9087763388	199264.83060568897	--	-491304.9087763388	-0.008030072498428454	0.11840265960004627	-6.64708355027019	3.7095710336292296	-3.0210815825988524	4.085736317150779	-15.0	14.40829488388324	66730
-496832.1923477683	199052.82764038886	--	-496832.1923477683	-0.007929857459002189	0.11660539141153035	-7.083357768364037	3.5225129874426395	-3.0385931147448035	4.02735997960885	-15.0	14.295872492991503	66958
-498481.46869156277	210737.73691675276	--	-498481.46869156277	-0.007931821775557906	0.11746660790014612	-7.158130398360872	3.419157205884976	-3.0423389223378368	3.9961452671235	-15.0	14.31724182160809	66710
-529620.5271584451	214976.63715474878	--	-529620.5271584451	-0.007866807457988383	0.11716504345176881	-7.336029841274034	3.377317924446677	-3.0077650402217158	4.0370021077153675	-15.0	14.29918193100768	66567
-496310.26665161754	191799.89057942605	--	-496310.26665161754	-0.007583661558003531	0.11430811617843092	-7.2852533655637615	3.439453424826041	-2.9896138084633077	4.003618990759501	-15.0	14.284888847863206	66892
-453250.9668600767	195337.3395558659	--	-453250.9668600767	-0.008037654560860093	0.11601425503261896	-7.335297827502707	3.323646621928689	-3.0677289434028325	4.035397430627022	-15.0	14.267144066791301	66713
-460015.0740937556	184930.64987899468	--	-460015.0740937556	-0.007939469325993178	0.11657824792354037	-6.9442624408116735	3.6123709960994725	-3.0017306961626447	3.997914282869509	-15.0	14.260078506267213	66746
-529067.2265519983	209348.52744447463	--	-529067.2265519983	-0.007700642363771017	0.11610983922154493	-6.822170225838431	3.382925942920044	-2.9240998093730144	3.923497825088534	-15.0	14.250589385539358	67030
-469052.8613214399	187956.05998542736	--	-469052.8613214399	-0.007971476189931876	0.1177282741480031	-6.855237550380916	3.716124557814053	-3.0520498378015946	4.031126805857511	-15.0	14.240715223056709	66586
-463702.9426409882	209712.075123929	--	-463702.9426409882	-0.00771115949833437	0.11439814640559978	-6.887366278969202	3.9827793115504524	-2.911063906398986	3.961711469467992	-15.0	14.232678516750319	66673
-501741.1991542981	214729.89148339946	--	-501741.1991542981	-0.007717992471590102	0.11443074476605268	-6.9394292013836605	3.7987387129242034	-2.915404791958934	3.9221361267369406	-15.0	10.46783402240356	66725
-486575.6476008399	182578.61376189895	--	-486575.6476008399	-0.008069347605463538	0.11779422736328207	-7.001936945983722	3.672673339120614	-3.1085975406966964	4.040344444528396	-15.0	9.674186908217413	66707
-468004.23278730625	199515.96954184232	--	-468004.23278730625	-0.007885613651725657	0.11615854674384743	-7.063814526766497	3.4959723468674433	-3.0274622042245425	4.0243123178688585	-15.0	9.264225525257908	66572
-473208.30743265926	190645.2494253596	--	-473208.30743265926	-0.007789806504733434	0.11646864861792072	-6.998999389912991	3.893967952214564	-2.916786124422146	3.919542785038565	-15.0	10.561974363887442	66719
-533799.0800560189	226928.7958787087	--	-533799.0800560189	-0.00787618852116665	0.11681588825292949	-7.006143744440412	4.126707882320467	-2.9691193974743495	3.9855556455697716	-15.0	14.570655387078094	66702
-494433.4384054777	184802.44052162324	--	-494433.4384054777	-0.007902553962323814	0.11573522089064059	-7.111387844929076	4.008472489752121	-3.0825408826829515	4.054402994343714	-15.0	14.53853949699755	66747
-490241.2503820311	215584.94276183908	--	-490241.2503820311	-0.007815284285867656	0.11610719251495079	-6.9144646035689865	3.959808087719278	-2.933363402331057	3.952271408743024	-15.0	14.541124509700326	66879
-485328.65714061586	200098.49174442058	--	-485328.65714061586	-0.007652410013194555	0.11567303893113914	-6.959880319874497	4.204244848785071	-2.8559387275129944	3.87910621139154	-15.0	14.539692803874155	67026
-494874.7819950075	185701.6188070824	--	-494874.7819950075	-0.00753920121584612	0.11391581720710241	-6.692460443497854	4.348786444914044	-2.931225297451614	3.907967705638484	-15.0	14.536257532048575	66640
-495622.42763869767	192437.07479931955	--	-495622.42763869767	-0.007776802087300218	0.11575485542058922	-6.450753269318677	4.347516785383707	-2.981275234788119	3.943075456183768	-15.0	14.543039534205741	66923
-497945.7529579921	196476.4071741456	--	-497945.7529579921	-0.00784572075386655	0.11592476011350915	-6.45826064577502	4.34817151470975	-2.997803205496891	3.953792885258519	-15.0	14.524039731459908	66440
-498673.95900951396	198330.85795634444	--	-498673.95900951396	-0.007671830719646171	0.11417323016346222	-6.459115265438996	4.295740116574604	-2.926395917292025	3.9010922248170607	-15.0	9.805521423671596	66719
-468372.4106793255	192269.76155701486	--	-468372.4106793255	-0.007840835820494814	0.11463388203349213	-6.442124265358247	4.224061812224538	-3.0101053968621354	3.974038775973473	-15.0	9.745430859532867	66765
-464291.31435427564	197761.19288517436	--	-464291.31435427564	-0.007552799406762197	0.11247800629470157	-6.356507967037967	4.1224675392109065	-2.8547987237457044	3.858689509535707	-15.0	9.482146201665179	66756
-476845.242844058	181588.48930736212	--	-476845.242844058	-0.007993283920809887	0.11600886938549114	-6.4237500454916	4.035692541719514	-3.0129442072846206	4.045491513124583	-15.0	13.688816062117263	66864
-509170.24297997693	210935.5272374012	--	-509170.24297997693	-0.007819563287081372	0.11574346863323168	-6.428129164480018	3.864201409596914	-2.9399639765734316	4.001661274601245	-15.0	12.698179482721164	66718
-543389.6422254875	236888.59066783357	--	-543389.6422254875	-0.007481962303557173	0.11232292567136079	-6.414572231094112	3.8893817868653597	-2.8396683136335397	3.8291851884754577	-15.0	14.608826893904691	66748
-503160.5318025587	194019.44244533317	--	-503160.5318025587	-0.007866919050310723	0.11459030461573286	-6.362750201639411	3.9010093440312703	-3.067629808659881	4.0138187640602885	-15.0	9.774021104055759	66806
-512597.6858458264	210869.71142936958	--	-512597.6858458264	-0.0078323861864817	0.11403919129130816	-6.352792137977395	3.8100802566539747	-3.009235943022929	4.014570639812965	-15.0	8.230935706532652	67205
-546875.9954603596	247585.8736066726	--	-546875.9954603596	-0.007707291402835563	0.11416341556206895	-6.222918118721517	3.8992846844290407	-2.934399691907829	3.9177733843185214	-15.0	13.799541561079234	66721
-508244.60947269585	201230.73479917672	--	-508244.60947269585	-0.007439671813240819	0.1109176374842508	-6.211713964186352	4.048076675442028	-2.97356085136009	3.906940361999011	-15.0	13.75358144257992	66809
-491914.60853603657	190202.01663679737	--	-491914.60853603657	-0.007754587544249158	0.11341785956113824	-6.1912862214559485	3.8771929287166507	-2.9835750770418	3.9491361523647015	-15.0	13.825078445970501	66773
-507023.01704765554	213495.06134772388	--	-507023.01704765554	-0.007594968017241224	0.11401264950925984	-6.169376555792741	4.11768711227954	-2.905132930473397	3.9560731695840543	-15.0	13.859169400049607	66835
-485753.1795417002	180529.96346859785	--	-485753.1795417002	-0.0076655521270528595	0.11320233555691064	-6.1687910197109055	3.715352783654005	-2.9266033885931773	3.912714316429338	-15.0	13.789900364095509	83405
-441558.65046839963	182579.8242234501	--	-441558.65046839963	-0.007417348777325878	0.10974762510802752	-6.020238482661854	3.7223299141465653	-2.805747369147864	3.874708418887936	-15.0	13.752954209761436	83148
-402291.4872747102	189255.54123797367	--	-402291.4872747102	-0.0069440980676153865	0.10470604482027472	-6.0718110884925975	3.724311991878504	-2.5857032062812406	3.7244922376362757	-15.0	14.93804943303041	83004
-381013.7776388701	191392.16803497792	--	-381013.7776388701	-0.006595317124394919	0.1008003067162093	-6.135552804513533	3.6935760416059726	-2.432559848936869	3.590166656124013	-15.0	13.734847714338999	82913
-365438.44647429313	188609.0018932924	--	-365438.44647429313	-0.006361598006226928	0.09814797319814024	-6.22787851543315	3.5959866675852155	-2.32094027328488	3.4868516799951794	-15.0	13.720183150283663	82869
-376399.70030742884	202357.6165863903	--	-376399.70030742884	-0.006150178231481513	0.09745421113944057	-6.354120574984203	3.4945543094036293	-2.235198609316853	3.4376385686842124	-15.0	13.700351355306603	82838
-355216.03321540245	190313.41395116868	--	-355216.03321540245	-0.006037570091033944	0.09586326485576069	-6.460120758022542	3.6360353395092373	-2.19192876040276	3.3936438352927842	-15.0	13.66122826324959	82803
-345966.7664586002	185967.01736837352	--	-345966.7664586002	-0.005955309478006969	0.09445200568864257	-6.5957140815978414	3.2857335974196467	-2.1496488715315736	3.3521114451851703	-15.0	13.647415512395668	82776
-334404.81378266076	183344.29491580187	--	-334404.81378266076	-0.00584210167396037	0.09376869797618545	-6.779501803357244	3.2162117932693093	-2.094617570234306	3.309344791425369	-15.0	13.615804332396351	82759
-328990.5823312169	183583.2530286854	--	-328990.5823312169	-0.005834195598810761	0.0934531331788722	-7.265605354326628	3.145848397886091	-2.076309309104123	3.2862989178624047	-15.0	14.667562222466108	82735
-328224.552238779	179239.93596054814	--	-328224.552238779	-0.005790788744147447	0.09367005654579749	-7.786943416644367	3.193968555700149	-2.059733489820799	3.283069552220667	-15.0	14.626498815853465	82745
-320688.3662896732	175754.70574369872	--	-320688.3662896732	-0.005824316818394663	0.09433126457591581	-8.185297000409001	3.182640468909329	-2.0800778181528305	3.3135663391418304	-15.0	14.597083359826977	82781
-326341.6127549841	176761.94778320123	--	-326341.6127549841	-0.00584029287049025	0.09462714569698302	-8.722621765194225	3.1498712470282286	-2.0847277567882334	3.3223585541926326	-15.0	14.57039081755438	82798
-318884.39069324185	170975.40530052138	--	-318884.39069324185	-0.005810676485142677	0.09472071535625957	-9.234613676505838	3.0774807052942674	-2.0710058598026815	3.3178596287747335	-15.0	14.542494099306397	82775
-316084.47417391086	167010.306939989	--	-316084.47417391086	-0.005756469235142636	0.09497073039855984	-9.740553042610937	3.0088587009758396	-2.0456487000578183	3.2978962350076726	-15.0	14.515665308876983	82783
-321704.0116228735	165267.80356203913	--	-321704.0116228735	-0.005768750402099274	0.09583390357576364	-10.163863964571544	2.9375258117810943	-2.046952616420689	3.3057617777429185	-15.0	14.488583244981529	82770
-325412.9245996728	163508.25281118773	--	-325412.9245996728	-0.005813561715300322	0.09672020524904033	-10.571450042251739	2.872785217290721	-2.06154680597085	3.333058140365791	-15.0	12.233142427420963	82751
-324636.2951853764	164233.40161219193	--	-324636.2951853764	-0.005807776414219154	0.09702084794979739	-10.922729224869109	2.800178303826237	-2.0538953883162483	3.332141624480412	-15.0	14.452482514986444	82735
-321707.72807602165	156176.2944494581	--	-321707.72807602165	-0.005906989999889334	0.09875215419534826	-11.281938258729083	2.7314242054345996	-2.0836526595525737	3.367462094105428	-15.0	13.181268774887338	82733
-321889.7723284546	161902.3026462998	--	-321889.7723284546	-0.005862889215734455	0.09897347512098942	-11.546632639020764	2.6529014981458694	-2.0618169114414866	3.3558847434792876	-15.0	14.435425185602698	82739
